8.000000000000000000e+01
2.020000000000000000e+02
3.770000000000000000e+02
1.780000000000000000e+02
3.220000000000000000e+02
1.380000000000000000e+02
6.500000000000000000e+01
1.100000000000000000e+01
4.000000000000000000e+01
1.190000000000000000e+02
2.550000000000000000e+02
1.560000000000000000e+02
3.650000000000000000e+02
3.350000000000000000e+02
2.070000000000000000e+02
1.450000000000000000e+02
1.830000000000000000e+02
2.780000000000000000e+02
1.080000000000000000e+02
2.370000000000000000e+02
1.510000000000000000e+02
6.700000000000000000e+01
5.500000000000000000e+01
7.500000000000000000e+01
6.900000000000000000e+01
3.950000000000000000e+02
2.700000000000000000e+02
3.200000000000000000e+01
3.610000000000000000e+02
2.850000000000000000e+02
3.790000000000000000e+02
2.060000000000000000e+02
2.160000000000000000e+02
4.500000000000000000e+01
3.080000000000000000e+02
8.600000000000000000e+01
6.200000000000000000e+01
1.050000000000000000e+02
3.530000000000000000e+02
1.480000000000000000e+02
