6.510000000000000000e+03
2.823000000000000000e+03
9.860000000000000000e+02
8.602000000000000000e+03
1.944000000000000000e+03
2.163000000000000000e+03
8.011000000000000000e+03
7.330000000000000000e+03
1.005000000000000000e+03
5.770000000000000000e+03
5.493000000000000000e+03
4.617000000000000000e+03
4.200000000000000000e+01
8.402000000000000000e+03
4.863000000000000000e+03
2.350000000000000000e+03
7.324000000000000000e+03
6.552000000000000000e+03
5.848000000000000000e+03
8.999000000000000000e+03
9.700000000000000000e+01
2.080000000000000000e+02
3.412000000000000000e+03
3.181000000000000000e+03
8.853000000000000000e+03
6.100000000000000000e+02
7.080000000000000000e+03
1.394000000000000000e+03
9.640000000000000000e+02
4.154000000000000000e+03
5.644000000000000000e+03
5.645000000000000000e+03
7.683000000000000000e+03
4.702000000000000000e+03
4.237000000000000000e+03
7.662000000000000000e+03
3.794000000000000000e+03
7.480000000000000000e+03
3.226000000000000000e+03
9.190000000000000000e+03
2.095000000000000000e+03
7.649000000000000000e+03
1.836000000000000000e+03
2.599000000000000000e+03
2.035000000000000000e+03
6.576000000000000000e+03
2.877000000000000000e+03
5.256000000000000000e+03
8.700000000000000000e+02
7.258000000000000000e+03
4.028000000000000000e+03
1.641000000000000000e+03
2.400000000000000000e+01
1.712000000000000000e+03
5.004000000000000000e+03
1.815000000000000000e+03
8.900000000000000000e+01
6.428000000000000000e+03
1.618000000000000000e+03
9.610000000000000000e+02
8.048000000000000000e+03
6.352000000000000000e+03
9.324000000000000000e+03
9.364000000000000000e+03
5.143000000000000000e+03
8.065000000000000000e+03
1.080000000000000000e+02
5.949000000000000000e+03
3.600000000000000000e+01
9.219000000000000000e+03
1.606000000000000000e+03
4.803000000000000000e+03
2.179000000000000000e+03
8.469000000000000000e+03
1.401000000000000000e+03
8.895000000000000000e+03
6.092000000000000000e+03
7.240000000000000000e+03
6.951000000000000000e+03
1.360000000000000000e+03
4.552000000000000000e+03
2.715000000000000000e+03
1.239000000000000000e+03
5.019000000000000000e+03
2.119000000000000000e+03
9.615000000000000000e+03
2.957000000000000000e+03
9.250000000000000000e+02
7.786000000000000000e+03
7.542000000000000000e+03
2.272000000000000000e+03
6.537000000000000000e+03
6.687000000000000000e+03
3.847000000000000000e+03
9.216000000000000000e+03
4.174000000000000000e+03
2.334000000000000000e+03
8.186000000000000000e+03
7.940000000000000000e+03
6.734000000000000000e+03
3.682000000000000000e+03
6.933000000000000000e+03
9.315000000000000000e+03
9.663000000000000000e+03
9.634000000000000000e+03
2.352000000000000000e+03
7.602000000000000000e+03
1.128000000000000000e+03
4.306000000000000000e+03
3.991000000000000000e+03
6.959000000000000000e+03
8.689000000000000000e+03
4.410000000000000000e+02
7.139000000000000000e+03
3.250000000000000000e+02
2.562000000000000000e+03
3.119000000000000000e+03
5.131000000000000000e+03
4.983000000000000000e+03
6.667000000000000000e+03
6.462000000000000000e+03
4.079000000000000000e+03
6.768000000000000000e+03
6.581000000000000000e+03
4.738000000000000000e+03
8.948000000000000000e+03
5.476000000000000000e+03
8.027000000000000000e+03
3.780000000000000000e+03
7.087000000000000000e+03
4.672000000000000000e+03
2.209000000000000000e+03
5.620000000000000000e+02
1.782000000000000000e+03
1.179000000000000000e+03
2.069000000000000000e+03
1.659000000000000000e+03
4.415000000000000000e+03
2.164000000000000000e+03
2.071000000000000000e+03
1.957000000000000000e+03
9.050000000000000000e+02
4.368000000000000000e+03
8.181000000000000000e+03
6.308000000000000000e+03
2.645000000000000000e+03
4.008000000000000000e+03
6.397000000000000000e+03
5.874000000000000000e+03
6.768000000000000000e+03
3.595000000000000000e+03
3.370000000000000000e+03
8.527000000000000000e+03
4.792000000000000000e+03
7.900000000000000000e+02
3.897000000000000000e+03
3.285000000000000000e+03
2.165000000000000000e+03
1.689000000000000000e+03
7.152000000000000000e+03
6.744000000000000000e+03
4.931000000000000000e+03
1.504000000000000000e+03
9.111000000000000000e+03
3.055000000000000000e+03
2.839000000000000000e+03
5.898000000000000000e+03
1.411000000000000000e+03
7.584000000000000000e+03
9.219000000000000000e+03
8.742000000000000000e+03
9.454000000000000000e+03
5.694000000000000000e+03
9.171000000000000000e+03
1.434000000000000000e+03
4.470000000000000000e+03
5.009000000000000000e+03
8.749000000000000000e+03
8.100000000000000000e+03
2.272000000000000000e+03
4.592000000000000000e+03
5.674000000000000000e+03
6.173000000000000000e+03
6.302000000000000000e+03
6.100000000000000000e+03
6.018000000000000000e+03
3.499000000000000000e+03
1.485000000000000000e+03
2.239000000000000000e+03
4.573000000000000000e+03
9.471000000000000000e+03
8.513000000000000000e+03
7.122000000000000000e+03
1.075000000000000000e+03
8.456000000000000000e+03
1.513000000000000000e+03
6.644000000000000000e+03
9.392000000000000000e+03
7.360000000000000000e+02
6.484000000000000000e+03
6.264000000000000000e+03
5.061000000000000000e+03
8.273000000000000000e+03
4.747000000000000000e+03
1.187000000000000000e+03
5.165000000000000000e+03
3.112000000000000000e+03
4.576000000000000000e+03
8.584000000000000000e+03
8.085000000000000000e+03
6.957000000000000000e+03
5.927000000000000000e+03
3.989000000000000000e+03
2.827000000000000000e+03
1.472000000000000000e+03
8.071000000000000000e+03
7.457000000000000000e+03
3.228000000000000000e+03
5.300000000000000000e+03
6.288000000000000000e+03
9.569000000000000000e+03
9.410000000000000000e+03
1.065000000000000000e+03
5.784000000000000000e+03
8.647000000000000000e+03
7.142000000000000000e+03
5.337000000000000000e+03
8.670000000000000000e+03
2.669000000000000000e+03
5.166000000000000000e+03
1.196000000000000000e+03
1.496000000000000000e+03
4.623000000000000000e+03
6.142000000000000000e+03
7.368000000000000000e+03
5.943000000000000000e+03
8.218000000000000000e+03
1.151000000000000000e+03
8.086000000000000000e+03
2.330000000000000000e+03
3.592000000000000000e+03
9.674000000000000000e+03
5.224000000000000000e+03
3.095000000000000000e+03
8.810000000000000000e+02
4.852000000000000000e+03
3.645000000000000000e+03
2.218000000000000000e+03
5.111000000000000000e+03
3.150000000000000000e+03
2.802000000000000000e+03
5.879000000000000000e+03
5.452000000000000000e+03
8.045000000000000000e+03
5.051000000000000000e+03
8.636000000000000000e+03
4.360000000000000000e+03
8.933000000000000000e+03
9.870000000000000000e+02
3.229000000000000000e+03
2.270000000000000000e+02
9.464000000000000000e+03
6.351000000000000000e+03
8.546000000000000000e+03
3.681000000000000000e+03
9.806000000000000000e+03
4.331000000000000000e+03
4.401000000000000000e+03
3.395000000000000000e+03
5.950000000000000000e+03
2.443000000000000000e+03
1.837000000000000000e+03
1.334000000000000000e+03
9.552000000000000000e+03
7.364000000000000000e+03
3.060000000000000000e+02
4.861000000000000000e+03
4.634000000000000000e+03
5.890000000000000000e+02
9.366000000000000000e+03
6.001000000000000000e+03
7.432000000000000000e+03
6.771000000000000000e+03
9.802000000000000000e+03
9.350000000000000000e+03
5.699000000000000000e+03
4.377000000000000000e+03
2.514000000000000000e+03
9.359000000000000000e+03
1.989000000000000000e+03
3.978000000000000000e+03
1.803000000000000000e+03
1.075000000000000000e+03
4.991000000000000000e+03
8.349000000000000000e+03
5.065000000000000000e+03
2.279000000000000000e+03
3.100000000000000000e+01
1.143000000000000000e+03
6.593000000000000000e+03
2.386000000000000000e+03
3.461000000000000000e+03
7.056000000000000000e+03
5.250000000000000000e+03
8.000000000000000000e+02
9.343000000000000000e+03
1.520000000000000000e+03
8.017000000000000000e+03
7.510000000000000000e+02
2.729000000000000000e+03
8.973000000000000000e+03
3.180000000000000000e+03
6.550000000000000000e+02
2.078000000000000000e+03
4.126000000000000000e+03
8.924000000000000000e+03
5.305000000000000000e+03
8.080000000000000000e+03
9.275000000000000000e+03
4.806000000000000000e+03
3.755000000000000000e+03
3.345000000000000000e+03
1.110000000000000000e+03
2.860000000000000000e+02
6.476000000000000000e+03
1.821000000000000000e+03
3.076000000000000000e+03
6.530000000000000000e+02
5.806000000000000000e+03
8.205000000000000000e+03
2.357000000000000000e+03
4.220000000000000000e+02
6.808000000000000000e+03
9.990000000000000000e+03
7.787000000000000000e+03
1.876000000000000000e+03
3.419000000000000000e+03
1.417000000000000000e+03
4.200000000000000000e+01
5.594000000000000000e+03
3.745000000000000000e+03
1.531000000000000000e+03
8.786000000000000000e+03
6.971000000000000000e+03
1.700000000000000000e+03
8.245000000000000000e+03
2.951000000000000000e+03
3.034000000000000000e+03
4.250000000000000000e+02
7.280000000000000000e+02
5.515000000000000000e+03
8.081000000000000000e+03
4.252000000000000000e+03
3.000000000000000000e+01
1.160000000000000000e+03
7.748000000000000000e+03
9.171000000000000000e+03
3.512000000000000000e+03
3.403000000000000000e+03
6.326000000000000000e+03
4.145000000000000000e+03
9.600000000000000000e+02
5.381000000000000000e+03
1.209000000000000000e+03
6.694000000000000000e+03
4.374000000000000000e+03
3.797000000000000000e+03
5.825000000000000000e+03
8.201000000000000000e+03
2.033000000000000000e+03
5.818000000000000000e+03
5.548000000000000000e+03
5.127000000000000000e+03
1.064000000000000000e+03
2.983000000000000000e+03
7.788000000000000000e+03
8.014000000000000000e+03
9.434000000000000000e+03
2.319000000000000000e+03
7.534000000000000000e+03
1.164000000000000000e+03
8.670000000000000000e+02
8.927000000000000000e+03
8.121000000000000000e+03
4.821000000000000000e+03
1.520000000000000000e+02
5.790000000000000000e+02
5.241000000000000000e+03
7.235000000000000000e+03
4.637000000000000000e+03
7.055000000000000000e+03
2.299000000000000000e+03
2.589000000000000000e+03
4.671000000000000000e+03
5.318000000000000000e+03
9.019000000000000000e+03
2.456000000000000000e+03
9.814000000000000000e+03
1.227000000000000000e+03
8.933000000000000000e+03
8.979000000000000000e+03
1.364000000000000000e+03
1.110000000000000000e+02
6.246000000000000000e+03
6.244000000000000000e+03
6.189000000000000000e+03
5.707000000000000000e+03
8.060000000000000000e+02
1.782000000000000000e+03
2.615000000000000000e+03
4.169000000000000000e+03
7.554000000000000000e+03
5.435000000000000000e+03
1.290000000000000000e+03
1.723000000000000000e+03
6.159000000000000000e+03
2.520000000000000000e+02
2.265000000000000000e+03
7.524000000000000000e+03
5.750000000000000000e+02
5.440000000000000000e+02
3.826000000000000000e+03
6.374000000000000000e+03
6.707000000000000000e+03
2.401000000000000000e+03
1.086000000000000000e+03
1.132000000000000000e+03
9.557000000000000000e+03
6.258000000000000000e+03
8.080000000000000000e+02
8.548000000000000000e+03
5.834000000000000000e+03
1.560000000000000000e+03
3.952000000000000000e+03
4.369000000000000000e+03
3.291000000000000000e+03
6.500000000000000000e+03
6.351000000000000000e+03
6.940000000000000000e+02
9.178000000000000000e+03
8.212000000000000000e+03
6.328000000000000000e+03
9.951000000000000000e+03
5.928000000000000000e+03
6.467000000000000000e+03
4.200000000000000000e+01
3.971000000000000000e+03
3.741000000000000000e+03
5.599000000000000000e+03
7.357000000000000000e+03
5.993000000000000000e+03
4.404000000000000000e+03
6.829000000000000000e+03
1.279000000000000000e+03
5.893000000000000000e+03
4.063000000000000000e+03
5.926000000000000000e+03
1.394000000000000000e+03
3.744000000000000000e+03
7.935000000000000000e+03
8.874000000000000000e+03
4.865000000000000000e+03
5.617000000000000000e+03
2.522000000000000000e+03
8.497000000000000000e+03
4.497000000000000000e+03
6.196000000000000000e+03
6.717000000000000000e+03
4.982000000000000000e+03
5.894000000000000000e+03
8.555000000000000000e+03
9.990000000000000000e+02
6.721000000000000000e+03
6.422000000000000000e+03
8.838000000000000000e+03
3.037000000000000000e+03
8.976000000000000000e+03
1.038000000000000000e+03
3.023000000000000000e+03
8.069000000000000000e+03
4.127000000000000000e+03
1.233000000000000000e+03
8.139000000000000000e+03
5.900000000000000000e+03
7.680000000000000000e+03
2.098000000000000000e+03
8.810000000000000000e+03
4.330000000000000000e+03
7.770000000000000000e+02
3.004000000000000000e+03
5.647000000000000000e+03
9.395000000000000000e+03
8.897000000000000000e+03
7.892000000000000000e+03
2.331000000000000000e+03
5.211000000000000000e+03
9.085000000000000000e+03
6.163000000000000000e+03
2.144000000000000000e+03
1.365000000000000000e+03
2.533000000000000000e+03
1.679000000000000000e+03
4.754000000000000000e+03
9.970000000000000000e+02
8.667000000000000000e+03
9.270000000000000000e+02
7.985000000000000000e+03
6.043000000000000000e+03
9.605000000000000000e+03
3.854000000000000000e+03
4.048000000000000000e+03
5.621000000000000000e+03
9.130000000000000000e+03
7.641000000000000000e+03
5.010000000000000000e+03
4.163000000000000000e+03
3.956000000000000000e+03
5.506000000000000000e+03
9.138000000000000000e+03
1.953000000000000000e+03
3.202000000000000000e+03
6.241000000000000000e+03
6.348000000000000000e+03
6.393000000000000000e+03
7.440000000000000000e+02
1.578000000000000000e+03
1.105000000000000000e+03
9.301000000000000000e+03
4.900000000000000000e+02
8.128000000000000000e+03
3.952000000000000000e+03
9.530000000000000000e+03
5.532000000000000000e+03
7.366000000000000000e+03
3.836000000000000000e+03
3.005000000000000000e+03
1.758000000000000000e+03
9.647000000000000000e+03
6.586000000000000000e+03
3.330000000000000000e+03
9.039000000000000000e+03
3.056000000000000000e+03
7.533000000000000000e+03
4.879000000000000000e+03
1.559000000000000000e+03
1.506000000000000000e+03
9.798000000000000000e+03
2.407000000000000000e+03
8.923000000000000000e+03
5.654000000000000000e+03
3.815000000000000000e+03
9.201000000000000000e+03
1.135000000000000000e+03
6.228000000000000000e+03
7.416000000000000000e+03
6.221000000000000000e+03
8.566000000000000000e+03
5.790000000000000000e+03
6.745000000000000000e+03
2.387000000000000000e+03
3.022000000000000000e+03
5.530000000000000000e+03
7.219000000000000000e+03
6.980000000000000000e+03
1.464000000000000000e+03
2.883000000000000000e+03
6.131000000000000000e+03
8.467000000000000000e+03
2.321000000000000000e+03
7.741000000000000000e+03
5.000000000000000000e+03
7.939000000000000000e+03
2.961000000000000000e+03
8.521000000000000000e+03
3.750000000000000000e+03
8.441000000000000000e+03
8.040000000000000000e+03
6.373000000000000000e+03
2.250000000000000000e+02
7.710000000000000000e+03
5.132000000000000000e+03
3.014000000000000000e+03
4.787000000000000000e+03
7.964000000000000000e+03
7.937000000000000000e+03
8.134000000000000000e+03
8.275000000000000000e+03
3.698000000000000000e+03
9.672000000000000000e+03
3.884000000000000000e+03
5.466000000000000000e+03
7.964000000000000000e+03
4.096000000000000000e+03
7.027000000000000000e+03
6.784000000000000000e+03
2.977000000000000000e+03
4.151000000000000000e+03
8.012000000000000000e+03
6.189000000000000000e+03
8.473000000000000000e+03
1.575000000000000000e+03
4.617000000000000000e+03
7.306000000000000000e+03
5.683000000000000000e+03
7.267000000000000000e+03
6.553000000000000000e+03
4.751000000000000000e+03
2.773000000000000000e+03
3.953000000000000000e+03
7.780000000000000000e+03
2.956000000000000000e+03
9.097000000000000000e+03
7.949000000000000000e+03
3.565000000000000000e+03
2.129000000000000000e+03
5.163000000000000000e+03
2.015000000000000000e+03
9.044000000000000000e+03
6.134000000000000000e+03
5.880000000000000000e+03
9.170000000000000000e+02
1.084000000000000000e+03
6.075000000000000000e+03
3.843000000000000000e+03
7.650000000000000000e+03
2.922000000000000000e+03
1.874000000000000000e+03
7.269000000000000000e+03
9.302000000000000000e+03
4.687000000000000000e+03
4.654000000000000000e+03
3.269000000000000000e+03
2.853000000000000000e+03
6.178000000000000000e+03
9.024000000000000000e+03
6.220000000000000000e+03
8.057000000000000000e+03
6.432000000000000000e+03
3.849000000000000000e+03
8.512000000000000000e+03
4.421000000000000000e+03
1.554000000000000000e+03
4.865000000000000000e+03
8.438000000000000000e+03
9.262000000000000000e+03
5.670000000000000000e+03
9.926000000000000000e+03
8.394000000000000000e+03
6.303000000000000000e+03
1.393000000000000000e+03
2.241000000000000000e+03
2.250000000000000000e+03
8.647000000000000000e+03
7.376000000000000000e+03
5.205000000000000000e+03
1.352000000000000000e+03
9.257000000000000000e+03
7.903000000000000000e+03
9.800000000000000000e+03
1.829000000000000000e+03
7.773000000000000000e+03
1.998000000000000000e+03
5.259000000000000000e+03
7.540000000000000000e+03
7.270000000000000000e+02
2.236000000000000000e+03
5.987000000000000000e+03
9.938000000000000000e+03
5.427000000000000000e+03
6.682000000000000000e+03
9.456000000000000000e+03
8.201000000000000000e+03
3.491000000000000000e+03
7.819000000000000000e+03
2.469000000000000000e+03
6.417000000000000000e+03
9.103000000000000000e+03
6.017000000000000000e+03
1.547000000000000000e+03
4.364000000000000000e+03
8.016000000000000000e+03
1.046000000000000000e+03
4.330000000000000000e+03
9.530000000000000000e+03
7.121000000000000000e+03
6.052000000000000000e+03
3.635000000000000000e+03
1.162000000000000000e+03
9.154000000000000000e+03
6.638000000000000000e+03
6.942000000000000000e+03
9.865000000000000000e+03
1.900000000000000000e+02
5.313000000000000000e+03
9.514000000000000000e+03
8.090000000000000000e+03
8.230000000000000000e+03
4.910000000000000000e+03
8.508000000000000000e+03
9.612000000000000000e+03
9.703000000000000000e+03
5.273000000000000000e+03
4.979000000000000000e+03
4.692000000000000000e+03
3.715000000000000000e+03
9.483000000000000000e+03
7.482000000000000000e+03
4.757000000000000000e+03
9.024000000000000000e+03
7.199000000000000000e+03
8.200000000000000000e+02
2.310000000000000000e+02
7.479000000000000000e+03
3.574000000000000000e+03
8.574000000000000000e+03
9.543000000000000000e+03
6.386000000000000000e+03
1.522000000000000000e+03
6.836000000000000000e+03
1.331000000000000000e+03
5.788000000000000000e+03
2.576000000000000000e+03
1.701000000000000000e+03
8.938000000000000000e+03
3.300000000000000000e+02
5.660000000000000000e+02
8.256000000000000000e+03
8.766000000000000000e+03
2.177000000000000000e+03
3.376000000000000000e+03
2.752000000000000000e+03
8.498000000000000000e+03
6.717000000000000000e+03
5.980000000000000000e+02
6.349000000000000000e+03
7.130000000000000000e+02
6.768000000000000000e+03
2.220000000000000000e+03
3.600000000000000000e+03
9.272000000000000000e+03
3.916000000000000000e+03
4.989000000000000000e+03
9.315000000000000000e+03
3.770000000000000000e+03
9.728000000000000000e+03
5.092000000000000000e+03
5.664000000000000000e+03
4.470000000000000000e+02
1.898000000000000000e+03
1.902000000000000000e+03
2.798000000000000000e+03
4.949000000000000000e+03
2.744000000000000000e+03
9.453000000000000000e+03
2.948000000000000000e+03
1.063000000000000000e+03
3.146000000000000000e+03
6.325000000000000000e+03
2.839000000000000000e+03
7.079000000000000000e+03
4.823000000000000000e+03
7.857000000000000000e+03
6.117000000000000000e+03
5.471000000000000000e+03
6.918000000000000000e+03
3.870000000000000000e+03
3.469000000000000000e+03
8.791000000000000000e+03
1.084000000000000000e+03
1.590000000000000000e+02
1.620000000000000000e+02
4.591000000000000000e+03
5.748000000000000000e+03
8.886000000000000000e+03
7.482000000000000000e+03
3.653000000000000000e+03
7.984000000000000000e+03
4.649000000000000000e+03
9.113000000000000000e+03
6.459000000000000000e+03
2.411000000000000000e+03
8.906000000000000000e+03
5.824000000000000000e+03
1.268000000000000000e+03
2.700000000000000000e+01
1.443000000000000000e+03
7.083000000000000000e+03
6.738000000000000000e+03
5.323000000000000000e+03
4.997000000000000000e+03
6.895000000000000000e+03
4.988000000000000000e+03
9.539000000000000000e+03
4.923000000000000000e+03
6.789000000000000000e+03
1.490000000000000000e+02
1.692000000000000000e+03
8.695000000000000000e+03
2.700000000000000000e+01
9.069000000000000000e+03
6.253000000000000000e+03
3.570000000000000000e+03
3.199000000000000000e+03
6.964000000000000000e+03
4.014000000000000000e+03
9.743000000000000000e+03
5.530000000000000000e+03
9.430000000000000000e+02
7.357000000000000000e+03
4.669000000000000000e+03
8.784000000000000000e+03
8.810000000000000000e+02
2.470000000000000000e+02
6.713000000000000000e+03
2.247000000000000000e+03
2.657000000000000000e+03
3.437000000000000000e+03
7.663000000000000000e+03
6.995000000000000000e+03
3.988000000000000000e+03
4.435000000000000000e+03
4.964000000000000000e+03
3.185000000000000000e+03
3.833000000000000000e+03
5.238000000000000000e+03
5.479000000000000000e+03
1.428000000000000000e+03
6.931000000000000000e+03
1.857000000000000000e+03
2.729000000000000000e+03
4.590000000000000000e+02
1.200000000000000000e+01
8.194000000000000000e+03
6.053000000000000000e+03
5.077000000000000000e+03
2.954000000000000000e+03
4.068000000000000000e+03
4.777000000000000000e+03
5.591000000000000000e+03
2.073000000000000000e+03
5.103000000000000000e+03
2.583000000000000000e+03
9.300000000000000000e+03
9.436000000000000000e+03
2.300000000000000000e+01
6.940000000000000000e+02
9.070000000000000000e+03
1.895000000000000000e+03
9.588000000000000000e+03
1.000000000000000000e+01
3.721000000000000000e+03
8.056000000000000000e+03
3.396000000000000000e+03
2.785000000000000000e+03
1.075000000000000000e+03
8.634000000000000000e+03
4.425000000000000000e+03
6.219000000000000000e+03
8.025000000000000000e+03
7.428000000000000000e+03
9.830000000000000000e+03
2.335000000000000000e+03
1.078000000000000000e+03
5.295000000000000000e+03
8.657000000000000000e+03
4.620000000000000000e+02
4.802000000000000000e+03
7.126000000000000000e+03
6.088000000000000000e+03
9.498000000000000000e+03
5.625000000000000000e+03
1.967000000000000000e+03
2.509000000000000000e+03
6.381000000000000000e+03
3.810000000000000000e+02
5.075000000000000000e+03
5.271000000000000000e+03
9.253000000000000000e+03
1.154000000000000000e+03
1.522000000000000000e+03
7.995000000000000000e+03
9.097000000000000000e+03
8.682000000000000000e+03
7.678000000000000000e+03
7.503000000000000000e+03
1.473000000000000000e+03
1.162000000000000000e+03
5.030000000000000000e+02
1.503000000000000000e+03
8.703000000000000000e+03
9.571000000000000000e+03
7.571000000000000000e+03
4.197000000000000000e+03
5.919000000000000000e+03
2.872000000000000000e+03
8.507000000000000000e+03
7.827000000000000000e+03
2.577000000000000000e+03
3.939000000000000000e+03
6.003000000000000000e+03
9.524000000000000000e+03
9.920000000000000000e+02
3.552000000000000000e+03
3.826000000000000000e+03
7.918000000000000000e+03
4.517000000000000000e+03
9.538000000000000000e+03
8.909000000000000000e+03
7.474000000000000000e+03
2.388000000000000000e+03
9.036000000000000000e+03
1.833000000000000000e+03
3.230000000000000000e+03
1.520000000000000000e+03
3.748000000000000000e+03
5.679000000000000000e+03
1.958000000000000000e+03
1.148000000000000000e+03
9.556000000000000000e+03
1.690000000000000000e+03
5.162000000000000000e+03
5.144000000000000000e+03
7.176000000000000000e+03
6.171000000000000000e+03
5.922000000000000000e+03
8.331000000000000000e+03
1.478000000000000000e+03
7.030000000000000000e+02
4.822000000000000000e+03
1.568000000000000000e+03
4.631000000000000000e+03
8.126000000000000000e+03
3.111000000000000000e+03
5.540000000000000000e+03
8.189000000000000000e+03
2.676000000000000000e+03
1.973000000000000000e+03
3.169000000000000000e+03
6.422000000000000000e+03
8.660000000000000000e+03
2.069000000000000000e+03
7.416000000000000000e+03
7.194000000000000000e+03
1.761000000000000000e+03
9.748000000000000000e+03
8.289000000000000000e+03
5.280000000000000000e+02
5.048000000000000000e+03
8.517000000000000000e+03
5.881000000000000000e+03
6.291000000000000000e+03
9.606000000000000000e+03
8.870000000000000000e+03
1.015000000000000000e+03
8.256000000000000000e+03
2.346000000000000000e+03
5.120000000000000000e+02
1.141000000000000000e+03
3.578000000000000000e+03
8.654000000000000000e+03
8.397000000000000000e+03
8.986000000000000000e+03
6.139000000000000000e+03
9.784000000000000000e+03
6.811000000000000000e+03
4.625000000000000000e+03
7.975000000000000000e+03
4.360000000000000000e+03
9.585000000000000000e+03
5.130000000000000000e+02
8.751000000000000000e+03
9.241000000000000000e+03
4.416000000000000000e+03
8.386000000000000000e+03
7.762000000000000000e+03
2.640000000000000000e+02
1.943000000000000000e+03
8.414000000000000000e+03
2.137000000000000000e+03
4.756000000000000000e+03
6.864000000000000000e+03
4.582000000000000000e+03
8.193000000000000000e+03
2.606000000000000000e+03
8.325000000000000000e+03
5.780000000000000000e+03
8.672000000000000000e+03
7.635000000000000000e+03
1.559000000000000000e+03
2.772000000000000000e+03
9.017000000000000000e+03
6.436000000000000000e+03
5.729000000000000000e+03
5.719000000000000000e+03
7.784000000000000000e+03
4.633000000000000000e+03
5.020000000000000000e+03
6.795000000000000000e+03
3.131000000000000000e+03
8.517000000000000000e+03
